0 0 0 1.00196 8.20196e-06 8.20306e-06 1.00013 0.000114232 -0.000108544 0.000243793 0 0 0 0
1 49.208 0 1.0021 7.70585e-06 7.70677e-06 1.00012 0.000306386 -0.299538 0.000414098 -0.438499 -0 -0.297719 -0
2 98.416 0 1.00171 6.39042e-06 6.39111e-06 1.00011 0.000255109 -0.546054 7.40925e-05 -0.800587 -0 -0.543559 -0
3 147.623 0 0.9998 4.67786e-06 4.67813e-06 1.00006 0.000298139 -0.707384 0.000473979 -1.03829 -0 -0.704949 -0
4 196.83 0 0.996733 3.02254e-06 3.02282e-06 1.00009 0.000778895 -0.77878 4.77648e-05 -1.1445 -0 -0.777057 -0
5 246.03 0 0.994249 1.72403e-06 1.72396e-06 0.999959 0.000774479 -0.777431 0.00065196 -1.14518 -0 -0.77752 -0
6 295.246 0 0.992936 8.67829e-07 8.67781e-07 0.999945 0.0014791 -0.733464 0.00020507 -1.08041 -0 -0.733547 -0
7 344.454 0 0.992761 3.85633e-07 3.85634e-07 1 0.000897088 -0.669803 -7.24292e-05 -0.986954 -0 -0.670092 -0
8 393.662 0 0.993304 1.51258e-07 1.51297e-07 1.00026 0.00146178 -0.603648 0.000322949 -0.889479 -0 -0.603912 -0
9 442.87 0 0.993906 5.23685e-08 5.25554e-08 1.00357 0.000860848 -0.543872 5.33173e-05 -0.800359 -0 -0.543404 -0
10 492.078 0 0.994467 1.60039e-08 1.66083e-08 1.03776 0.00121624 -0.493033 -2.93412e-06 -0.723537 -0 -0.491246 -0
11 541.286 0 0.994685 4.31707e-09 5.52349e-09 1.27945 0.00207736 -0.452018 0.000454276 -0.6587 -0 -0.447224 -0
12 590.492 0 0.995078 1.02798e-09 2.05545e-09 1.99951 0.00112425 -0.419161 0.000676788 -0.604052 -0 -0.410121 -0
