0 0 0 1.00176 4.97359e-05 4.97422e-05 1.00013 0.000156411 -0.000159112 -2.20415e-05 0 0 0 0
1 10 0 1.00179 4.89648e-05 4.89717e-05 1.00014 0.000287196 -0.0553001 2.19656e-05 -0.0813259 -0 -0.0552162 -0
2 20 0 1.00189 4.67226e-05 4.67282e-05 1.00012 0.000203818 -0.108395 -9.14504e-05 -0.158908 -0 -0.107891 -0
3 30 0 1.00189 4.32113e-05 4.32149e-05 1.00008 0.000307672 -0.156194 5.31293e-06 -0.229382 -0 -0.155739 -0
4 40 0 1.00158 3.87344e-05 3.87379e-05 1.00009 0.000762995 -0.197699 5.44256e-05 -0.290082 -0 -0.196951 -0
5 50 0 1.0009 3.3653e-05 3.36556e-05 1.00008 0.000822924 -0.231281 -0.000192143 -0.339251 -0 -0.230335 -0
6 60 0 0.999853 2.83387e-05 2.83404e-05 1.00006 0.000631251 -0.256095 8.97767e-05 -0.376126 -0 -0.255371 -0
7 70 0 0.998499 2.31294e-05 2.31311e-05 1.00008 0.000626224 -0.272931 -0.000120507 -0.400883 -0 -0.27218 -0
8 80 0 0.997157 1.82968e-05 1.82974e-05 1.00003 0.000833971 -0.281909 5.66469e-05 -0.414483 -0 -0.281413 -0
9 90 0 0.995849 1.40287e-05 1.40292e-05 1.00004 0.000665444 -0.28432 5.63226e-06 -0.418448 -0 -0.284105 -0
10 100 0 0.994864 1.04252e-05 1.04248e-05 0.999964 0.000852381 -0.281461 -2.23589e-05 -0.414608 -0 -0.281498 -0
11 110 0 0.994135 7.509e-06 7.50875e-06 0.999967 0.000427297 -0.274741 -7.84292e-05 -0.404878 -0 -0.274892 -0
12 120 0 0.993689 5.24213e-06 5.24189e-06 0.999954 0.00151842 -0.265402 -5.00422e-05 -0.391062 -0 -0.265511 -0
13 130 0 0.993505 3.547e-06 3.54697e-06 0.999993 0.00129332 -0.25413 4.79489e-06 -0.374733 -0 -0.254425 -0
14 140 0 0.993526 2.32618e-06 2.32622e-06 1.00002 0.000900519 -0.24233 -0.000160167 -0.357163 -0 -0.242496 -0
15 150 0 0.993739 1.47861e-06 1.47868e-06 1.00005 0.00114134 -0.230193 0.000118522 -0.339312 -0 -0.230376 -0
16 160 0 0.994008 9.10945e-07 9.11202e-07 1.00028 0.00135386 -0.218433 2.35928e-05 -0.321847 -0 -0.218518 -0
17 170 0 0.994266 5.4395e-07 5.4456e-07 1.00112 0.000764991 -0.206995 -2.70769e-05 -0.305191 -0 -0.20721 -0
18 180 0 0.994561 3.14814e-07 3.15967e-07 1.00366 0.00138621 -0.196587 -1.076e-05 -0.289579 -0 -0.19661 -0
19 190 0 0.9948 1.76595e-07 1.7867e-07 1.01175 0.000707198 -0.186882 2.27718e-05 -0.275105 -0 -0.186783 -0
20 200 0 0.994946 9.60129e-08 9.97931e-08 1.03937 0.00166009 -0.178228 -9.63755e-06 -0.261775 -0 -0.177732 -0
